1
1
0
90
1
45
0
0
---------
2
1
90
9
55
1
0
---------
3
0
90
10
45
1
0
---------
4
0
90
7
30
0
0
---------
5
0
90
11
70
0
0
---------
6
0
90
10
40
0
0
---------
7
0
90
9
55
0
0
---------
8
1
90
10
70
0
0
---------
9
0
90
9
65
0
0
---------
10
0
90
11
40
0
0
---------
11
0
90
8
69
0
0
::::::::::
2
1
0
90
1
45
0
0
---------
2
1
90
9
55
1
0
---------
3
0
90
10
45
1
0
---------
4
0
90
7
30
0
0
---------
5
0
90
11
70
0
0
---------
6
0
90
10
40
0
0
---------
7
0
90
9
55
0
0
---------
8
1
90
10
70
0
0
---------
9
0
90
9
65
0
0
---------
10
0
90
11
40
0
0
---------
11
0
90
8
69
0
0
::::::::::